[64786    18    12]
[ 1571 51954 11542]
[ 3422  1190 60505]

[65094    14    15]
[ 1617 51627 11546]
[ 3432  1159 60496]

[65028    12    18]
[ 1516 51707 11479]
[ 3516  1158 60566]

[64748    13    14]
[ 1572 52138 11583]
[ 3457  1135 60340]

[65194    15    19]
[ 1566 51865 11717]
[ 3400  1109 60115]

[64689    12    14]
[ 1597 51859 11611]
[ 3508  1148 60562]

[65101    16    19]
[ 1643 51481 11666]
[ 3476  1113 60485]

[65123     6    18]
[ 1548 51480 11675]
[ 3418  1141 60591]

[64743    20    11]
[ 1581 52100 11612]
[ 3428  1148 60357]

[65194    18    16]
[ 1595 51854 11698]
[ 3404  1193 60027]

[64786    18    12]
[ 1587 51817 11663]
[ 3368  1173 60576]

[65094    14    15]
[ 1636 51547 11607]
[ 3375  1115 60597]

[65028    12    18]
[ 1538 51381 11783]
[ 3461  1111 60668]

[64748    13    14]
[ 1581 51985 11727]
[ 3413  1108 60411]

[65194    15    19]
[ 1590 51806 11752]
[ 3348  1208 60068]

[64786    18    12]
[ 1617 51679 11771]
[ 3388  1215 60514]

[65094    14    15]
[ 1665 51459 11666]
[ 3385  1194 60508]

[65028    12    18]
[ 1572 51525 11605]
[ 3478  1115 60647]

[64748    13    14]
[ 1612 51843 11838]
[ 3423  1220 60289]

[65194    15    19]
[ 1618 51875 11655]
[ 3358  1124 60142]

[64786    18    12]
[ 1594 51855 11618]
[ 3406  1172 60539]

[65094    14    15]
[ 1643 51535 11612]
[ 3418  1170 60499]

[65028    12    18]
[ 1544 51442 11716]
[ 3502  1141 60597]

[64748    13    14]
[ 1593 51939 11761]
[ 3449  1151 60332]

[65194    15    19]
[ 1600 51653 11895]
[ 3386  1154 60084]

[64689    12    14]
[ 1611 51601 11855]
[ 3488  1153 60577]

[65101    16    19]
[ 1655 51546 11589]
[ 3455  1165 60454]

[65123     6    18]
[ 1558 51470 11675]
[ 3404  1150 60596]

[64743    20    11]
[ 1601 52045 11647]
[ 3414  1103 60416]

[65194    18    16]
[ 1604 51878 11665]
[ 3384  1167 60073]

[64786    18    12]
[ 1604 51768 11695]
[ 3447  1132 60538]

[65094    14    15]
[ 1645 51505 11640]
[ 3451  1211 60425]

[65028    12    18]
[ 1551 51550 11601]
[ 3546  1242 60452]

[64748    13    14]
[ 1593 52133 11567]
[ 3476  1155 60301]

[65194    15    19]
[ 1602 51657 11889]
[ 3420  1117 60087]

[64689    12    14]
[ 1591 51732 11744]
[ 3498  1159 60561]

[65101    16    19]
[ 1640 51649 11501]
[ 3469  1206 60399]

[65123     6    18]
[ 1549 51492 11662]
[ 3414  1146 60590]

[64743    20    11]
[ 1587 52167 11539]
[ 3422  1144 60367]

[65194    18    16]
[ 1599 51782 11766]
[ 3392  1149 60083]

[64786    18    12]
[ 1646 51607 11814]
[ 3423  1164 60530]

[65094    14    15]
[ 1681 51523 11586]
[ 3436  1141 60510]

[65028    12    18]
[ 1594 51637 11471]
[ 3514  1182 60544]

[64748    13    14]
[ 1635 52049 11609]
[ 3462  1190 60280]

[65194    15    19]
[ 1638 51679 11831]
[ 3402  1203 60019]

[64786    18    12]
[ 1619 51769 11679]
[ 3446  1163 60508]

[65094    14    15]
[ 1668 51497 11625]
[ 3451  1159 60477]

[65028    12    18]
[ 1577 51612 11513]
[ 3539  1143 60558]

[64748    13    14]
[ 1621 52113 11559]
[ 3478  1153 60301]

[65194    15    19]
[ 1619 51840 11689]
[ 3419  1161 60044]

