[64582   197   185]
[  576 55505  8986]
[ 2556  1694 60719]

[64780   191   157]
[  634 55257  8899]
[ 2631  1748 60703]

[64474   225   198]
[  566 55165  8973]
[ 2538  1758 61103]

[64381   238   163]
[  573 55848  8871]
[ 2621  1726 60578]

[64851   214   164]
[  584 55633  8930]
[ 2496  1692 60435]

[64408   217   191]
[  589 55144  9334]
[ 2518  1783 60816]

[64782   161   180]
[  582 55005  9203]
[ 2522  1714 60851]

[64621   240   197]
[  549 54971  9182]
[ 2616  1718 60906]

[64346   226   203]
[  563 55666  9064]
[ 2594  1710 60628]

[64829   204   195]
[  595 55445  9108]
[ 2549  1707 60368]

[64446   211   159]
[  629 55546  8892]
[ 2589  1691 60837]

[64789   168   166]
[  648 55259  8883]
[ 2583  1671 60833]

[64654   226   178]
[  551 55307  8844]
[ 2685  1597 60958]

[64376   215   184]
[  565 55698  9030]
[ 2570  1755 60607]

[64834   212   182]
[  584 55567  8997]
[ 2520  1681 60423]

[64450   200   166]
[  603 55375  9089]
[ 2559  1751 60807]

[64807   169   147]
[  642 55126  9022]
[ 2587  1637 60863]

[64660   232   166]
[  573 55155  8974]
[ 2682  1722 60836]

[64387   211   177]
[  563 55594  9136]
[ 2664  1803 60465]

[64864   207   157]
[  610 55567  8971]
[ 2575  1696 60353]

[64341   199   175]
[  549 55391  9127]
[ 2631  1777 60810]

[64789   158   189]
[  661 54956  9173]
[ 2631  1683 60760]

[64764   202   181]
[  563 55251  8889]
[ 2561  1750 60839]

[64399   202   173]
[  566 55803  8924]
[ 2577  1796 60560]

[64836   210   182]
[  597 55435  9115]
[ 2567  1635 60422]

[64377   200   138]
[  578 55472  9017]
[ 2642  1725 60851]

[64780   165   191]
[  579 55288  8923]
[ 2502  1722 60850]

[64759   218   170]
[  564 55143  8996]
[ 2505  1670 60975]

[64402   201   171]
[  566 55749  8978]
[ 2554  1692 60687]

[64830   215   183]
[  534 55599  9014]
[ 2504  1664 60456]

[64435   191   190]
[  564 55475  9028]
[ 2582  1703 60832]

[64798   159   166]
[  651 55073  9066]
[ 2568  1675 60844]

[64617   238   203]
[  532 55183  8987]
[ 2658  1729 60853]

[64388   202   185]
[  562 55841  8890]
[ 2621  1768 60543]

[64850   195   183]
[  609 55494  9045]
[ 2561  1769 60294]

[64352   210   153]
[  598 55230  9239]
[ 2631  1717 60870]

[64757   172   207]
[  618 54969  9203]
[ 2597  1695 60782]

[64747   204   196]
[  552 55065  9086]
[ 2516  1808 60826]

[64372   211   191]
[  579 55678  9036]
[ 2588  1650 60695]

[64813   207   208]
[  573 55343  9231]
[ 2548  1719 60357]

[64460   206   150]
[  577 55293  9197]
[ 2547  1654 60916]

[64809   166   148]
[  655 55150  8985]
[ 2548  1714 60825]

[64657   235   166]
[  573 55059  9070]
[ 2622  1675 60943]

[64383   209   183]
[  566 55570  9157]
[ 2629  1677 60626]

[64855   201   172]
[  555 55514  9079]
[ 2519  1735 60370]

[64427   227   162]
[  555 55471  9041]
[ 2609  1731 60777]

[64776   177   170]
[  617 55045  9128]
[ 2592  1696 60799]

[64633   253   172]
[  579 55014  9109]
[ 2733  1728 60779]

[64361   218   196]
[  585 55721  8987]
[ 2632  1720 60580]

[64832   219   177]
[  585 55465  9098]
[ 2630  1744 60250]

