[64423    77   316]
[  173 60673  4221]
[ 1290  1742 62085]

[64695    83   345]
[  191 60490  4109]
[ 1286  1714 62087]

[64631    81   346]
[  174 60162  4366]
[ 1313  1635 62292]

[64333    82   360]
[  190 61044  4059]
[ 1270  1762 61900]

[64812    85   331]
[  187 60684  4277]
[ 1275  1712 61637]

[64725    71   333]
[  171 60358  4361]
[ 1329  1788 61864]

[64406    70   328]
[  208 60475  4284]
[ 1284  1837 62108]

[64659    80   357]
[  154 60176  4374]
[ 1231  1836 62132]

[64304    76   362]
[  182 60937  4173]
[ 1302  1824 61839]

[64802    81   346]
[  177 60517  4453]
[ 1277  1639 61707]

[64541    75   348]
[  181 60667  4219]
[ 1285  1715 61969]

[64749    71   308]
[  198 60487  4105]
[ 1334  1801 61947]

[64473    80   344]
[  189 60272  4243]
[ 1248  1740 62411]

[64328    87   367]
[  186 60844  4262]
[ 1279  1693 61953]

[64813    70   346]
[  202 60673  4272]
[ 1275  1679 61669]

[64311    71   333]
[  195 60729  4143]
[ 1320  1678 62220]

[64672    77   387]
[  195 60525  4070]
[ 1329  1678 62067]

[64700    69   378]
[  168 60326  4209]
[ 1277  1770 62103]

[64326    81   367]
[  165 60829  4299]
[ 1306  1710 61917]

[64798    81   349]
[  169 60700  4278]
[ 1356  1724 61544]

[64384    82   350]
[  207 60640  4220]
[ 1299  1736 62082]

[64705    82   336]
[  187 60454  4149]
[ 1266  1736 62085]

[64640    74   344]
[  160 60364  4178]
[ 1314  1790 62136]

[64327    81   367]
[  191 60910  4192]
[ 1346  1693 61893]

[64810    80   338]
[  177 60574  4397]
[ 1282  1712 61630]

[64392    81   343]
[  186 60692  4189]
[ 1339  1675 62103]

[64676    83   364]
[  202 60387  4201]
[ 1277  1747 62063]

[64637    64   357]
[  168 60375  4159]
[ 1312  1691 62237]

[64306    74   395]
[  178 61026  4089]
[ 1267  1688 61977]

[64780    77   371]
[  176 60632  4340]
[ 1293  1762 61569]

[64391    76   349]
[  181 60697  4189]
[ 1270  1711 62136]

[64675    75   373]
[  195 60369  4226]
[ 1304  1630 62153]

[64610    80   368]
[  185 60447  4070]
[ 1352  1699 62189]

[64341    83   351]
[  174 60865  4254]
[ 1307  1716 61909]

[64802    77   349]
[  169 60725  4254]
[ 1303  1720 61601]

[64394    85   337]
[  171 60608  4288]
[ 1311  1709 62097]

[64704    79   340]
[  203 60386  4201]
[ 1317  1771 61999]

[64622    72   364]
[  166 60144  4392]
[ 1295  1619 62326]

[64350    75   350]
[  203 60842  4248]
[ 1379  1662 61891]

[64776    83   369]
[  178 60792  4178]
[ 1282  1718 61624]

[64595    74   295]
[  158 60516  4393]
[ 1241  1804 61924]

[64737    69   322]
[  204 60448  4138]
[ 1269  1774 62039]

[64435    85   377]
[  175 60214  4315]
[ 1271  1705 62423]

[64331    85   366]
[  150 60716  4426]
[ 1284  1756 61885]

[64798    62   369]
[  186 60674  4287]
[ 1268  1793 61562]

[64549    80   335]
[  172 60537  4358]
[ 1254  1787 61928]

[64719    71   338]
[  205 60261  4324]
[ 1275  1745 62062]

[64456    76   365]
[  185 60140  4379]
[ 1307  1756 62336]

[64306    92   384]
[  161 60733  4398]
[ 1310  1835 61780]

[64803    67   359]
[  163 60611  4373]
[ 1293  1829 61501]

