[64380   151   184]
[  807 54099 10161]
[ 2968  1822 60428]

[64816   130   190]
[  844 53943 10003]
[ 2889  1821 60364]

[64776   149   222]
[  687 53924 10092]
[ 2814  1792 60544]

[64462   142   170]
[  762 54614  9917]
[ 2854  1837 60242]

[64853   140   235]
[  756 54281 10110]
[ 2841  1899 59884]

[64405   163   147]
[  781 54523  9763]
[ 2962  1849 60407]

[64843   145   148]
[  801 54117  9872]
[ 2880  1842 60352]

[64780   181   186]
[  761 54136  9806]
[ 2814  1763 60573]

[64458   128   188]
[  802 54585  9906]
[ 2877  1852 60204]

[64841   175   212]
[  775 54406  9966]
[ 2863  1721 60040]

[64416   127   172]
[  802 54355  9910]
[ 2924  1703 60591]

[64831   116   189]
[  832 54243  9715]
[ 2899  1745 60430]

[64786   184   177]
[  753 54078  9872]
[ 2866  1818 60466]

[64436   122   216]
[  735 54765  9793]
[ 2868  1842 60223]

[64842   154   232]
[  796 54420  9931]
[ 2831  1632 60161]

[64369   152   194]
[  794 54249 10024]
[ 2921  1750 60547]

[64818   140   178]
[  793 54176  9821]
[ 2852  1709 60513]

[64744   193   210]
[  787 53930  9986]
[ 2846  1816 60488]

[64420   146   208]
[  803 54636  9854]
[ 2843  1705 60385]

[64852   179   197]
[  793 54397  9957]
[ 2833  1661 60130]

[64509   121   186]
[  779 54263 10025]
[ 2874  1734 60509]

[64812   119   192]
[  792 53855 10143]
[ 2897  1691 60499]

[64689   160   209]
[  712 53996  9994]
[ 2945  1802 60493]

[64400   146   229]
[  703 54533 10057]
[ 2910  1835 60187]

[64851   128   249]
[  805 54242 10101]
[ 2885  1836 59903]

[64488   152   176]
[  811 54477  9779]
[ 2862  1867 60388]

[64788   160   175]
[  829 54083  9878]
[ 2860  1702 60525]

[64636   187   235]
[  730 54275  9697]
[ 2922  1744 60574]

[64371   189   215]
[  687 54830  9776]
[ 2881  1786 60265]

[64872   157   199]
[  781 54463  9904]
[ 2835  1862 59927]

[64391   161   163]
[  754 54422  9891]
[ 2957  1790 60471]

[64831   131   174]
[  784 54179  9827]
[ 2855  1771 60448]

[64754   188   205]
[  744 54280  9679]
[ 2806  1827 60517]

[64457   144   173]
[  779 54673  9841]
[ 2856  1629 60448]

[64861   176   191]
[  739 54619  9789]
[ 2821  1727 60076]

[64472   142   202]
[  805 54615  9647]
[ 2875  1804 60438]

[64779   148   196]
[  810 54333  9647]
[ 2873  1699 60515]

[64635   154   269]
[  738 54068  9896]
[ 2944  1769 60527]

[64361   175   239]
[  757 54700  9836]
[ 2881  1769 60282]

[64897   142   189]
[  757 54460  9931]
[ 2869  1707 60048]

[64575    55    85]
[  153 55005  9909]
[ 2559  1749 60910]

[64962    68   106]
[  159 54778  9853]
[ 2466  1689 60919]

[64973    51   123]
[  175 54588  9940]
[ 2512  1587 61051]

[64593    75   106]
[  163 55295  9835]
[ 2468  1646 60819]

[65054    59   115]
[  178 55143  9826]
[ 2450  1773 60401]

[64466   176   174]
[  763 54330  9974]
[ 2793  1742 60582]

[64820   147   156]
[  835 54180  9775]
[ 2855  1714 60518]

[64701   171   186]
[  777 54120  9805]
[ 2929  1762 60549]

[64426   136   213]
[  767 54921  9605]
[ 2839  1845 60248]

[64884   134   210]
[  774 54611  9763]
[ 2782  1698 60144]

